m  = 2; 
g = -9.81; 
k = 20; 
c = 1; 

